29,4
43,52
43,51
43,50
43,49
43,48
43,47
43,46
43,45
43,44
43,43
43,42
43,41
43,40
43,39
43,38
43,37
43,36
43,35
29,1
29,3
34,1
34,3
33,1
33,3
32,1
32,3
10,75
10,81
10,175
10,131
10,65
10,29
10,163
10,299
11,15
11,9
11,27
8,5
8,16
8,4
41,5
41,4
41,3
41,2
41,1
41,0
38,3
38,2
38,1
38,0
28,3
28,2
28,1
20,3
20,2
20,1
19,3
19,2
19,1
18,3
18,1
14,3
14,1
12,3
13,1
12,2
13,3
12,1
11,29
11,25
11,17
11,11
11,7
11,3
11,2
11,1
10,271
10,251
10,247
10,189
10,173
10,105
10,91
10,13
10,3
10,2
10,1
9,7
9,5
9,3
9,2
9,1
8,18
8,17
8,15
8,11
8,8
8,7
8,3
